0.0000000
0.3000000
0.5000000
0.7000000
0.8000000
0.5452000
0.8000000
0.7000000
0.5000000
0.3000000
0.0000000
0.0010000
0.2000000
0.4000000
0.5000000
0.6000000
0.7000000
0.4000000
0.3000000
0.2680000
0.1450000
0.0040000
0.0034000
0.2676000
0.4789000
0.5678000
0.7987000
0.8000000
0.7000000
0.4342000
0.3456000
0.2452000
0.0050000
0.0230000
0.3420000
0.4970000
0.5840000
0.8230000
0.9350000
0.7450000
0.6340000
0.4530000
0.2960000
0.0340000
0.0534000
0.4234000
0.4986000
0.5234000
0.8342000
0.9564000
0.9000000
0.7342000
0.5321000
0.3542000
0.0694000
0.1004000
0.5876000
0.4327000
0.6324000
0.9765000
3.0
0.9432000
0.8654000
0.6876000
0.4764000
0.1564000
0.0654000
0.5324000
0.4002000
0.5345000
0.8753000
0.9534000
0.9003000
0.8322000
0.5983000
0.3424000
0.0534000
0.0356000
0.4324000
0.5564000
0.5993000
0.7323000
0.8342000
0.7992000
0.7023000
0.5321000
0.3245000
0.0424000
0.0046700
0.4002300
0.4931200
0.5423100
0.7002300
0.7864200
0.7004100
0.6452300
0.5004200
0.2942300
0.0399400
0.0070000
0.3450000
0.4230000
0.4950000
0.6750000
0.7040000
0.6450000
0.6030000
0.4530000
0.2350000
0.0040000
0.0000000
0.3000000
0.5000000
0.7000000
0.8000000
0.5452000
0.8000000
0.7000000
0.5000000
0.3000000
0.0000000
